244
245
246
247
248
249
250
251
252
253
254
255
324
404
484
335
415
495
257
337
417
497
511
512
513
514
515
516
577
564
565
566
567
568
569
570
571
572
573
574
575
884
885
886
887
888
889
890
891
892
893
894
895
964
965
966
967
968
969
970
971
972
973
974
975
1284
1285
1286
1287
1288
1289
1290
1291
1292
1293
1294
1295
1684
1685
1686
1687
1688
1689
1690
1691
1692
1693
1694
1695
2004
2005
2006
2007
2008
2009
2010
2011
2012
2013
2014
2015
2084
2085
2086
2087
2088
2089
2090
2091
2092
2093
2094
2095
2404
2405
2406
2407
2408
2409
2410
2411
2412
2413
2414
2415
535
536
537
538
304
305
306
384
385
386
464
465
466
544
545
546
624
625
626
704
705
706
784
785
786
864
865
866
944
945
946
1024
1025
1026
1104
1105
1106
1184
1185
1186
1399
1400
1401
1402
1479
1480
1481
1482
1559
1560
1561
1562
1639
1640
1641
1642
899
903
505
905
909
920
509
645
646
647
725
726
727
728
805
806
807
808
651
652
653
654
731
732
733
734
811
812
813
814
1045
1046
1047
1048
1125
1126
1127
1128
1205
1206
1207
1208
1051
1052
1053
1054
1131
1132
1133
1134
1211
1212
1213
1214
1365
1366
1367
1368
1445
1446
1447
1448
1525
1526
1527
1528
1371
1372
1373
1374
1451
1452
1453
1454
1531
1532
1533
1534
1057
1058
1059
1060
1061
1137
1138
1139
1140
1141
1217
1218
1219
1220
1221
1377
1378
1379
1380
1381
1382
1383
1384
1385
1386
1457
1458
1459
1460
1461
1462
1463
1464
1465
1466
1537
1538
1539
1540
1541
1542
1543
1544
1545
1546
1765
1766
1767
1768
1845
1846
1847
1848
1925
1926
1927
1928
1771
1772
1773
1774
1851
1852
1853
1854
1931
1932
1933
1934
2165
2166
2167
2168
2245
2246
2247
2248
2325
2326
2327
2328
1771
1772
1773
1774
1851
1852
1853
1854
2171
2172
2173
2174
2251
2250
2252
2253
2331
2332
2333
2334
2485
2486
2487
2488
2565
2566
2567
2568
2645
2646
2647
2648
2491
2492
2493
2571
2572
2573
2574
2651
2652
2653
2654
1699
1701
1702
1703
1779
1780
1781
1782
1859
1860
1861
1862
1704
1705
1706
1707
1784
1785
1786
1787
1864
1865
1866
1867
2024
2025
2026
2027
2104
2105
2106
2107
2184
2185
2186
2187
535
536
537
538
455
456
457
458
375
376
377
378
295
296
297
298
215
216
217
218
135
136
137
138
